7352670
15145918
11672959
1664218
6103707
16787750
9931093
230316
9727773
8302922
3437726
12789195
12198388
6518066
10520387
6888657
15036754
2887062
10669626
18004067
17439425
18996674
9653867
2348231
10807237
3865016
3192036
10791295
1992636
9660111
19211690
18410508
10743446
18442015
6286738
603022
1601297
8643971
9523805
16167916
8092427
11807648
3101906
17244258
26094
1428568
20722491
9855119
16755009
19843802
6534871
7449470
11419773
6287825
19820426
9766615
16330766
6640832
8421099
7453952
3564823
2304736
4071154
3800626
15804801
11773892
17466854
8590259
14568327
9522143
15233872
1378968
3503576
7628595
16298782
6538499
12653683
3615541
20084309
1786266
15325671
2802551
2505783
11532387
7420681
12905102
8864707
8372922
20003049
17111419
2070391
2611118
2484011
9754849
354896
20619828
18329269
18752389
8996652
19759529
8170551
10342929
15275829
9812111
9351491
8829025
2670794
1728522
7890216
9390208
7088431
18417364
9869257
3015567
8739323
20880751
20098969
16428221
220563
9721172
7919560
2425813
12695819
6133211
2355241
17608141
1130930
8649546
9406968
3187073
17400887
9522152
17562951
12574103
18023325
12369736
8953972
20588063
9293063
6634932
15602202
8638206
15632880
6386793
2673163
19803309
234669
3985451
19356053
7802851
6503301
3714122
2559236
10739826
12627929
8919272
18439803
1720453
9245658
9746003
18081909
20520283
7504976
11007689
8682684
15737522
19767176
10193204
7083920
8558192
19299179
19889778
12639165
12063090
9672936
1749407
4812392
18343374
6203452
11279304
20067456
8231633
2549018
3997294
2265898
1147734
14659530
9034419
18560792
16181582
869641
7423039
8386779
11569530
6308277
16574712
6773726
15130900
150790
3719553
12090760
15120741
14765563
10835440
18464113
2924746
2224762
10721819
18754075
6747681
2522601
11426838
19957053
12684739
17919553
7248170
17242861
15278670
3856631
15957009
15188772
17615423
12584269
14976857
11166519
6209318
20196116
20477932
7265370
424937
20470218
15572383
7582165
18208574
19884587
17343925
8387218
1639466
16858720
3173179
12202650
1833784
3371379
20080419
10457883
16938416
17612891
12716030
16274958
19631624
1732369
3629586
14698717
17931375
2696505
10579464
19356307
2273650
18217897
3070035
1987816
4008111
3425586
15338796
3358181
19581773
9088814
18726058
17639754
19473225
435349
3827439
20667451
12907309
11391224
14596845
19445921
7930386
9587734
11752354
7444978
18544179
17241784
19308880
18182964
20528871
10704919
10683478
12041669
12536034
10365197
16160878
2385256
3076126
1592014
1867351
21029050
322550
3031535
9284778
8752018
7516729
6727060
983936
11431197
12757899
8073369
15863244
9495837
11875660
17532790
11198499
8423889
1420741
18703024
11679859
3828020
2396046
9698967
1616457
12589964
11379838
7977601
11206082
18951540
17879945
4027862
7862923
18221780
17261653
7858459
2234245
17437408
18020536
9625142
16403073
3341566
15009014
19058010
2096243
3676049
10706004
10737864
12617329
6466532
9199746
17175308
3750012
18186898
16330293
12084448
15458908
17491223
10091617
2951327
19657887
2071257
2375138
1436384
12443032
11135224
3403780
2632720
17042910
3780846
3693336
12523465
15649445
18631865
1085609
891050
7199841
11256525
3412544
9862868
2008831
17020434
11745184
8410052
14657095
2334618
8437969
2870085
7053303
12921865
16904497
12596116
16337777
18503483
11334364
19346865
3970039
2266990
6861444
137340
227508
16680561
7881871
16740173
6666578
9249847
3107448
6387529
18083142
3173180
2578334
8669433
8741744
2894766
19729346
14513889
20633755
8319760
11147747
20882060
3496378
16005948
11897407
567256
15515654
18162529
11587867
2312209
6229975
10901305
7988234
2054792
20621845
1835291
347884
2445283
17854040
7468724
7269015
15899738
12615818
12483326
7292072
9401499
9195768
17147461
12464714
18619688
11250767
11706060
9100294
16867021
19269743
84204
11027905
3409645
7234705
1549199
18308784
18768591
1967484
12707296
2440413
1527456
2515254
20080983
3125768
20698227
18261172
7834920
11928786
3560095
8701950
18809400
11961407
11581460
2024540
19300402
11642480
15859940
8595686
11263551
2572625
10406016
12820454
2476560
3560096
1009330
19387625
18821488
3782049
8690168
1468485
88336
9334596
1919871
8955532
19037603
809711
17600377
10526274
6692345
2950248
18791946
17344566
